0,497
0,496
0,495
0,494
0,493
0,492
59,4
59,3
59,2
59,1
59,0
14,5
14,4
58,5
58,4
58,3
58,2
58,1
58,0
57,4
57,3
57,2
57,1
57,0
56,3
56,2
56,1
56,0
55,6
0,491
0,490
55,5
55,4
55,3
55,2
55,1
55,0
0,489
0,488
0,487
0,486
0,485
0,484
0,483
0,482
0,481
0,480
0,479
54,4
54,3
54,2
0,478
54,1
54,0
0,477
0,476
53,6
0,475
0,474
0,473
0,472
53,5
53,4
53,3
53,2
0,471
53,1
53,0
0,470
0,469
52,4
52,3
52,2
0,468
52,1
52,0
0,467
0,466
51,6
0,465
51,5
51,4
51,3
51,2
51,1
51,0
0,464
0,463
0,462
0,461
0,460
0,459
50,4
50,3
50,2
50,1
50,0
0,458
49,5
49,4
49,3
49,2
49,1
49,0
48,3
48,2
48,1
48,0
47,3
47,2
47,1
47,0
46,4
46,3
46,2
46,1
46,0
45,3
45,2
45,1
45,0
44,4
44,3
44,2
44,1
44,0
43,3
43,2
43,1
43,0
42,4
42,3
42,2
42,1
42,0
0,457
